function Sp = Bz_fun(g)
%BZ_FUN
%    SP = BZ_FUN(G)

%    This function was generated by the Symbolic Math Toolbox version 6.1.
%    06-Mar-2016 20:35:00

t2 = g.^2;
Sp = [g.*(g.*1.811854796657442e15-t2.*1.468877351750033e15+7.82922461935215e14).*4.884981308350689e-15,g.*6.538789100411296-t2.*1.007757820082259e1+g.*t2.*4.538789100411296+1.0];
